 <pre>

 Contingency table for Low clouds (octas)
 Selection: ALL    139 stations
Period: 20200508-20200522
Used {00} + 01 02 ... 24
 Limits    1.00000000       2.00000000       3.00000000       4.00000000       5.00000000       6.00000000       7.00000000    
 Each class is data <= limit, the very last > last limit
 Total number of values       35688
                                              OBSERVATION
                                   6663     1002      772      566      522      470     1013      727 |     11735
                                    572      185      149      178      157      155      321      193 |      1910
                                    409      150      142      127      142      147      336      153 |      1606
                      RFRMIN25      350      151      157      169      142      160      305      168 |      1602
                                    299      165      168      154      156      173      385      195 |      1695
                                    302      192      198      185      174      188      473      223 |      1935
                                    369      234      243      186      215      261      665      366 |      2539
                                    873      982     1008      924     1047     1296     3670     2866 |     12666

                    SUM            9837     3061     2837     2489     2555     2850     7168     4891 |     35688
                                              OBSERVATION
                                   8130     1581     1266     1066     1000      970     2110     1317 |     17440
                                    192      114      125      116      119      128      309      139 |      1242
                                    147       95      104       98      104      121      227      106 |      1002
                       RFRMIN1      112       69       96       86       92      112      248       86 |       901
                                    110       76       96       94       77       91      261      100 |       905
                                    130      101      104       81      104       93      274      133 |      1020
                                    197      139      129      118      120      163      396      211 |      1473
                                    819      886      917      830      939     1172     3343     2799 |     11705

                    SUM            9837     3061     2837     2489     2555     2850     7168     4891 |     35688
                                              OBSERVATION
                                   8025     1567     1316     1112     1057     1072     2352     1424 |     17925
                                    207      109      107       77       92      102      223      113 |      1030
                                    111       80       81       59       81       82      163       71 |       728
                  RFRMIN1_Wopt      114       75       72       56       52       72      157       72 |       670
                                    118       78       77       56       65       72      177       76 |       719
                                    124       77       81       74       90       85      204       96 |       831
                                    221      124      124      107       96      113      324      189 |      1298
                                    917      951      979      948     1022     1252     3568     2850 |     12487

                    SUM            9837     3061     2837     2489     2555     2850     7168     4891 |     35688

