 <pre>

 Contingency table for Low clouds (octas)
 Selection: Ireland     27 stations
Period: 20200508-20200522
Used {00} + 01 02 ... 24
 Limits    1.00000000       2.00000000       3.00000000       4.00000000       5.00000000       6.00000000       7.00000000    
 Each class is data <= limit, the very last > last limit
 Total number of values        7591
                                              OBSERVATION
                                    943      151      156       88       78       91      256      133 |      1896
                                    104       27       26       29       28       26       97       48 |       385
                                     50       21       24       19       20       17       92       41 |       284
                      RFRMIN25       42       16       25       26       15       27       85       39 |       275
                                     50       27       31       17       28       29      110       54 |       346
                                     51       22       33       28       27       27      124       57 |       369
                                     72       40       45       30       41       50      220      103 |       601
                                    179      178      186      159      232      246     1224     1031 |      3435

                    SUM            1491      482      526      396      469      513     2208     1506 |      7591
                                              OBSERVATION
                                   1162      239      249      165      165      183      592      274 |      3029
                                     30       16       26       21       23       18       94       47 |       275
                                     26       11       18       15       15       24       55       29 |       193
                       RFRMIN1       18        6       15        4       12       20       70       27 |       172
                                     21       12       12       17       12       11       80       21 |       186
                                     24       15       19       10        9       14       78       36 |       205
                                     35       20       20       16       31       34      113       57 |       326
                                    175      163      167      148      202      209     1126     1015 |      3205

                    SUM            1491      482      526      396      469      513     2208     1506 |      7591
                                              OBSERVATION
                                   1126      234      259      172      171      188      622      286 |      3058
                                     37       23       25       11       22       17       82       28 |       245
                                     17       10       15        6       15       14       47       18 |       142
                  RFRMIN1_Wopt       23       10        9        5        8       14       50       23 |       142
                                     23       12       14        5       11       14       58       28 |       165
                                     30        8       13       12       16       17       68       29 |       193
                                     45       16       18       19       20       23      101       70 |       312
                                    190      169      173      166      206      226     1180     1024 |      3334

                    SUM            1491      482      526      396      469      513     2208     1506 |      7591

