 <pre>

 Contingency table for Low clouds (octas)
 Selection: Ireland     27 stations
Period: 20200508-20200522
Used {12} + 01 02 ... 24
 Limits    1.00000000       2.00000000       3.00000000       4.00000000       5.00000000       6.00000000       7.00000000    
 Each class is data <= limit, the very last > last limit
 Total number of values        7585
                                              OBSERVATION
                                    916      133      145       96       76       87      279      122 |      1854
                                     68       24       30       17       21       23       87       50 |       320
                                     62       31       30       21       22       25       71       31 |       293
                      RFRMIN25       57       24       24       20       26       27      103       45 |       326
                                     50       18       25       18       21       30      108       38 |       308
                                     58       23       36       28       29       28      129       53 |       384
                                     64       46       39       39       44       52      209       83 |       576
                                    184      191      217      180      243      269     1224     1016 |      3524

                    SUM            1459      490      546      419      482      541     2210     1438 |      7585
                                              OBSERVATION
                                   1126      229      259      170      159      172      615      272 |      3002
                                     36       20       25       11       27       18       75       33 |       245
                                     18        9        9       11       20       16       78       23 |       184
                       RFRMIN1       18       16       14       15       15       24       52       28 |       182
                                     18       10       15       12        8       14       70       17 |       164
                                     20        7       14        9       16       23       64       30 |       183
                                     29       27       33       19       24       31      132       42 |       337
                                    194      172      177      172      213      243     1124      993 |      3288

                    SUM            1459      490      546      419      482      541     2210     1438 |      7585
                                              OBSERVATION
                                   1081      235      249      173      162      180      621      269 |      2970
                                     34       13       23       12       14       19       72       34 |       221
                                     26        6       12        9       11       10       67       19 |       160
                  RFRMIN1_Wopt       21       14       11       10        9       12       43       20 |       140
                                     28       11       12        6       17       15       62       21 |       172
                                     23        5       16       10       16       11       56       24 |       161
                                     40       24       24       22       29       31      131       46 |       347
                                    206      182      199      177      224      263     1158     1005 |      3414

                    SUM            1459      490      546      419      482      541     2210     1438 |      7585

