 <pre>

 Contingency table for Low clouds (octas)
 Selection: Ireland     27 stations
Period: 20200508-20200522
Used {00,12} + 01 02 ... 24
 Limits    1.00000000       2.00000000       3.00000000       4.00000000       5.00000000       6.00000000       7.00000000    
 Each class is data <= limit, the very last > last limit
 Total number of values       15176
                                              OBSERVATION
                                   1859      284      301      184      154      178      535      255 |      3750
                                    172       51       56       46       49       49      184       98 |       705
                                    112       52       54       40       42       42      163       72 |       577
                      RFRMIN25       99       40       49       46       41       54      188       84 |       601
                                    100       45       56       35       49       59      218       92 |       654
                                    109       45       69       56       56       55      253      110 |       753
                                    136       86       84       69       85      102      429      186 |      1177
                                    363      369      403      339      475      515     2448     2047 |      6959

                    SUM            2950      972     1072      815      951     1054     4418     2944 |     15176
                                              OBSERVATION
                                   2288      468      508      335      324      355     1207      546 |      6031
                                     66       36       51       32       50       36      169       80 |       520
                                     44       20       27       26       35       40      133       52 |       377
                       RFRMIN1       36       22       29       19       27       44      122       55 |       354
                                     39       22       27       29       20       25      150       38 |       350
                                     44       22       33       19       25       37      142       66 |       388
                                     64       47       53       35       55       65      245       99 |       663
                                    369      335      344      320      415      452     2250     2008 |      6493

                    SUM            2950      972     1072      815      951     1054     4418     2944 |     15176
                                              OBSERVATION
                                   2207      469      508      345      333      368     1243      555 |      6028
                                     71       36       48       23       36       36      154       62 |       466
                                     43       16       27       15       26       24      114       37 |       302
                  RFRMIN1_Wopt       44       24       20       15       17       26       93       43 |       282
                                     51       23       26       11       28       29      120       49 |       337
                                     53       13       29       22       32       28      124       53 |       354
                                     85       40       42       41       49       54      232      116 |       659
                                    396      351      372      343      430      489     2338     2029 |      6748

                    SUM            2950      972     1072      815      951     1054     4418     2944 |     15176

