 <pre>

 Contingency table for Rh2m (%)
 Selection: ALL    151 stations
Period: 20200508-20200522
Used {00,12} + 01 02 ... 24
 Limits    30.0000000       50.0000000       65.0000000       75.0000000       85.0000000       95.0000000       100.000000    
 Each class is data <= limit, the very last > last limit
 Total number of values      108124
                                              OBSERVATION
                                     30      107        2        2        0        0        0        0 |       141
                                    166     8210     3842      284       49        3        0        0 |     12554
                                      9     3860    14739     5940     1537      226       12        0 |     26323
                      RFRMIN25        1      341     4385     8064     5068     1059       64        0 |     18982
                                      0       83     1102     4682     8833     4037      354        0 |     19091
                                      0        3      262     1595     6587    11298     2379        0 |     22124
                                      0        0       15       64      582     3901     3755        0 |      8317
                                      0        0        0        5        8      126      453        0 |       592

                    SUM             206    12604    24347    20636    22664    20650     7017        0 |    108124
                                              OBSERVATION
                                     31       81        2        1        0        0        0        0 |       115
                                    165     8094     3777      276       44        2        0        0 |     12358
                                      9     4013    14918     5931     1405      215       15        0 |     26506
                       RFRMIN1        1      322     4243     8074     4995     1010       64        0 |     18709
                                      0       87     1088     4679     8858     3873      333        0 |     18918
                                      0        7      304     1610     6794    11502     2390        0 |     22607
                                      0        0       15       60      554     3927     3767        0 |      8323
                                      0        0        0        5       14      121      448        0 |       588

                    SUM             206    12604    24347    20636    22664    20650     7017        0 |    108124
                                              OBSERVATION
                                     23       41        2        1        0        0        0        0 |        67
                                    172     7030     2671      164       27        1        0        0 |     10065
                                     10     4967    14748     5169     1234      183        7        0 |     26318
                  RFRMIN1_Wopt        1      439     5154     8261     4635      904       50        0 |     19444
                                      0      101     1340     5114     9135     3780      312        0 |     19782
                                      0       26      419     1842     6998    11634     2371        0 |     23290
                                      0        0       13       80      622     4032     3829        0 |      8576
                                      0        0        0        5       13      116      448        0 |       582

                    SUM             206    12604    24347    20636    22664    20650     7017        0 |    108124

