 <pre>

 Contingency table for Cloud base (m)
 Selection: ALL    139 stations
Period: 20200508-20200522
Used {00,12} + 03 06 09 12 15 18 21 24
 Limits    70.0000000       150.000000       300.000000       600.000000       1000.00000       1500.00000       2500.00000       5000.00000    
 Each class is data <= limit, the very last > last limit
 Total number of values       22052
                                                       OBSERVATION
                                    147      112       91       49       18        9        7        1        8 |       442
                                     87      145      144       89       19       14       10        8        3 |       519
                                     60      134      326      279       65       53       12       19        5 |       953
                                     39      106      301      920      485      231       70       44        8 |      2204
                      RFRMIN25       16       45       86      470      935      792      167       90       26 |      2627
                                     29       23       49      238      781     2477      265      120       52 |      4034
                                     12       27       37      115      210     1025      541      111       34 |      2112
                                      3        8       35       71       91      161      244      610       44 |      1267
                                     79       62      171      606      959     2904      848     1187     1078 |      7894

                    SUM             472      662     1240     2837     3563     7666     2164     2190     1258 |     22052
                                                       OBSERVATION
                                    147      110       79       50       15        9        7        7        9 |       433
                                     97      135      164       79       27       19        7        5        4 |       537
                                     56      144      297      267       50       40        9       22        5 |       890
                                     39       96      289      750      334      161       40       27        5 |      1741
                       RFRMIN1       13       49       79      441      693      483      110       48       10 |      1926
                                     26       29       52      238      742     1894      177      109       31 |      3298
                                      8       17       44      133      252     1145      447       74       31 |      2151
                                      6       11       25       73       75      158      211      457       15 |      1031
                                     80       71      211      806     1375     3757     1156     1441     1148 |     10045

                    SUM             472      662     1240     2837     3563     7666     2164     2190     1258 |     22052
                                                       OBSERVATION
                                    151      115       74       52       17       13        6        6       11 |       445
                                     88      136      161       83       28       15        7        7        3 |       528
                                     64      136      314      269       57       48       10       23        5 |       926
                                     37      108      287      789      352      183       46       29        6 |      1837
                  RFRMIN1_Wopt       16       48       77      431      740      612      125       57       21 |      2127
                                     17       22       58      228      667     1980      206       93       33 |      3304
                                     12       20       43      135      234      816      413       76       26 |      1775
                                      7       11       26       67       78      149      213      452       14 |      1017
                                     80       66      200      783     1390     3850     1138     1447     1139 |     10093

                    SUM             472      662     1240     2837     3563     7666     2164     2190     1258 |     22052

