 <pre>

 Contingency table for Rh2m (%)
 Selection: Ireland     28 stations
Period: 20200508-20200522
Used {00} + 01 02 ... 24
 Limits    30.0000000       50.0000000       65.0000000       75.0000000       85.0000000       95.0000000       100.000000    
 Each class is data <= limit, the very last > last limit
 Total number of values       10074
                                              OBSERVATION
                                      0        6        0        0        0        0        0        0 |         6
                                      4      345      256       17        0        0        0        0 |       622
                                      0      195     1127      390       98        5        0        0 |      1815
                      RFRMIN25        0        8      369      780      368       74        1        0 |      1600
                                      0        7       88      485      884      346       16        0 |      1826
                                      0        0       19      179      844     1573      271        0 |      2886
                                      0        0        0        9       69      687      519        0 |      1284
                                      0        0        0        0        0       11       24        0 |        35

                    SUM               4      561     1859     1860     2263     2696      831        0 |     10074
                                              OBSERVATION
                                      0        3        0        0        0        0        0        0 |         3
                                      4      338      236       15        0        0        0        0 |       593
                                      0      209     1178      405       88        7        0        0 |      1887
                       RFRMIN1        0        7      335      774      383       69        1        0 |      1569
                                      0        3       93      493      857      335       10        0 |      1791
                                      0        1       15      168      872     1607      264        0 |      2927
                                      0        0        2        5       63      665      520        0 |      1255
                                      0        0        0        0        0       13       36        0 |        49

                    SUM               4      561     1859     1860     2263     2696      831        0 |     10074
                                              OBSERVATION
                                      0        0        0        0        0        0        0        0 |         0
                                      4      265      166        6        0        0        0        0 |       441
                                      0      280     1162      336       80        7        0        0 |      1865
                  RFRMIN1_Wopt        0        8      396      762      345       58        0        0 |      1569
                                      0        6      105      562      900      325       10        0 |      1908
                                      0        2       28      183      860     1618      260        0 |      2951
                                      0        0        2       11       78      678      527        0 |      1296
                                      0        0        0        0        0       10       34        0 |        44

                    SUM               4      561     1859     1860     2263     2696      831        0 |     10074

