 <pre>

 Contingency table for Cloud base (m)
 Selection: ALL    139 stations
Period: 20200508-20200522
Used {00} + 03 06 09 12 15 18 21 24
 Limits    70.0000000       150.000000       300.000000       600.000000       1000.00000       1500.00000       2500.00000       5000.00000    
 Each class is data <= limit, the very last > last limit
 Total number of values       11014
                                                       OBSERVATION
                                     76       59       48       26       11        4        3        0        3 |       230
                                     47       76       72       47        7        7        6        4        1 |       267
                                     26       66      168      145       38       29        4        7        2 |       485
                                     23       54      150      447      223      116       37       17        4 |      1071
                      RFRMIN25        9       20       40      209      475      389       89       44       13 |      1288
                                     16       10       25      118      365     1265      140       61       27 |      2027
                                      6       15       18       51      104      514      272       53       14 |      1047
                                      2        4       16       34       46       69      113      317       24 |       625
                                     40       32       94      331      462     1409      437      618      551 |      3974

                    SUM             245      336      631     1408     1731     3802     1101     1121      639 |     11014
                                                       OBSERVATION
                                     77       56       37       26        9        6        5        5        4 |       225
                                     47       68       87       35       14       11        5        2        1 |       270
                                     24       72      145      139       24       22        3       10        3 |       442
                                     22       46      147      360      161       84       18       10        3 |       851
                       RFRMIN1        7       27       39      196      338      226       51       29        5 |       918
                                     14       19       23      127      359      951       84       56       15 |      1648
                                      5        6       25       63      118      596      242       38       15 |      1108
                                      4        7       13       33       38       74       99      232        5 |       505
                                     45       35      115      429      670     1832      594      739      588 |      5047

                    SUM             245      336      631     1408     1731     3802     1101     1121      639 |     11014
                                                       OBSERVATION
                                     75       59       36       25       10        9        4        2        5 |       225
                                     47       70       81       41       13        7        4        5        1 |       269
                                     28       65      161      141       30       27        4        9        3 |       468
                                     24       55      141      387      171       96       22       11        4 |       911
                  RFRMIN1_Wopt       11       24       40      189      358      305       57       31        8 |      1023
                                      9       13       23      115      328      994      113       48       18 |      1661
                                      6        8       26       67      118      409      222       39       15 |       910
                                      2        6       13       27       40       73      101      232        6 |       500
                                     43       36      110      416      663     1882      574      744      579 |      5047

                    SUM             245      336      631     1408     1731     3802     1101     1121      639 |     11014

