 <pre>

 Contingency table for Low clouds (octas)
 Selection: ALL    139 stations
Period: 20200508-20200522
Used {12} + 01 02 ... 24
 Limits    1.00000000       2.00000000       3.00000000       4.00000000       5.00000000       6.00000000       7.00000000    
 Each class is data <= limit, the very last > last limit
 Total number of values       35811
                                              OBSERVATION
                                   6467     1007      780      632      586      533     1036      698 |     11739
                                    552      185      164      145      151      146      342      187 |      1872
                                    392      177      173      156      140      167      304      138 |      1647
                      RFRMIN25      366      171      163      148      141      163      350      177 |      1679
                                    307      154      174      151      169      181      423      188 |      1747
                                    322      165      166      184      172      203      467      218 |      1897
                                    351      251      240      226      214      258      671      338 |      2549
                                    841     1052     1120      972     1071     1316     3571     2738 |     12681

                    SUM            9598     3162     2980     2614     2644     2967     7164     4682 |     35811
                                              OBSERVATION
                                   7920     1578     1330     1096     1045     1014     2174     1268 |     17425
                                    197      133      141      116      116      112      319      137 |      1271
                                    134       89       94      101      114      111      275       85 |      1003
                       RFRMIN1      119       87       98       98       97      138      235       94 |       966
                                    104       75       97      100       83       90      235       82 |       866
                                    135       87       98       74       81      125      227      115 |       942
                                    190      140      153      121      138      155      398      213 |      1508
                                    799      973      969      908      970     1222     3301     2688 |     11830

                    SUM            9598     3162     2980     2614     2644     2967     7164     4682 |     35811
                                              OBSERVATION
                                   7766     1619     1360     1145     1113     1123     2333     1377 |     17836
                                    216      100      114       86       90       91      238      107 |      1042
                                    124       77       83       80       68       73      188       68 |       761
                  RFRMIN1_Wopt      122       57       85       64       63       67      166       64 |       688
                                    110       78       76       67       70       74      164       64 |       703
                                    130       79       82       87       80       77      184       95 |       814
                                    209      139      126      109      116      151      360      184 |      1394
                                    921     1013     1054      976     1044     1311     3531     2723 |     12573

                    SUM            9598     3162     2980     2614     2644     2967     7164     4682 |     35811

