 <pre>

 Contingency table for Low clouds (octas)
 Selection: ALL    139 stations
Period: 20200508-20200522
Used {00,12} + 01 02 ... 24
 Limits    1.00000000       2.00000000       3.00000000       4.00000000       5.00000000       6.00000000       7.00000000    
 Each class is data <= limit, the very last > last limit
 Total number of values       71499
                                              OBSERVATION
                                  13130     2009     1552     1198     1108     1003     2049     1425 |     23474
                                   1124      370      313      323      308      301      663      380 |      3782
                                    801      327      315      283      282      314      640      291 |      3253
                      RFRMIN25      716      322      320      317      283      323      655      345 |      3281
                                    606      319      342      305      325      354      808      383 |      3442
                                    624      357      364      369      346      391      940      441 |      3832
                                    720      485      483      412      429      519     1336      704 |      5088
                                   1714     2034     2128     1896     2118     2612     7241     5604 |     25347

                    SUM           19435     6223     5817     5103     5199     5817    14332     9573 |     71499
                                              OBSERVATION
                                  16050     3159     2596     2162     2045     1984     4284     2585 |     34865
                                    389      247      266      232      235      240      628      276 |      2513
                                    281      184      198      199      218      232      502      191 |      2005
                       RFRMIN1      231      156      194      184      189      250      483      180 |      1867
                                    214      151      193      194      160      181      496      182 |      1771
                                    265      188      202      155      185      218      501      248 |      1962
                                    387      279      282      239      258      318      794      424 |      2981
                                   1618     1859     1886     1738     1909     2394     6644     5487 |     23535

                    SUM           19435     6223     5817     5103     5199     5817    14332     9573 |     71499
                                              OBSERVATION
                                  15791     3186     2676     2257     2170     2195     4685     2801 |     35761
                                    423      209      221      163      182      193      461      220 |      2072
                                    235      157      164      139      149      155      351      139 |      1489
                  RFRMIN1_Wopt      236      132      157      120      115      139      323      136 |      1358
                                    228      156      153      123      135      146      341      140 |      1422
                                    254      156      163      161      170      162      388      191 |      1645
                                    430      263      250      216      212      264      684      373 |      2692
                                   1838     1964     2033     1924     2066     2563     7099     5573 |     25060

                    SUM           19435     6223     5817     5103     5199     5817    14332     9573 |     71499

