 <pre>

 Contingency table for Cloud base (m)
 Selection: ALL    139 stations
Period: 20200508-20200522
Used {12} + 03 06 09 12 15 18 21 24
 Limits    70.0000000       150.000000       300.000000       600.000000       1000.00000       1500.00000       2500.00000       5000.00000    
 Each class is data <= limit, the very last > last limit
 Total number of values       11038
                                                       OBSERVATION
                                     71       53       43       23        7        5        4        1        5 |       212
                                     40       69       72       42       12        7        4        4        2 |       252
                                     34       68      158      134       27       24        8       12        3 |       468
                                     16       52      151      473      262      115       33       27        4 |      1133
                      RFRMIN25        7       25       46      261      460      403       78       46       13 |      1339
                                     13       13       24      120      416     1212      125       59       25 |      2007
                                      6       12       19       64      106      511      269       58       20 |      1065
                                      1        4       19       37       45       92      131      293       20 |       642
                                     39       30       77      275      497     1495      411      569      527 |      3920

                    SUM             227      326      609     1429     1832     3864     1063     1069      619 |     11038
                                                       OBSERVATION
                                     70       54       42       24        6        3        2        2        5 |       208
                                     50       67       77       44       13        8        2        3        3 |       267
                                     32       72      152      128       26       18        6       12        2 |       448
                                     17       50      142      390      173       77       22       17        2 |       890
                       RFRMIN1        6       22       40      245      355      257       59       19        5 |      1008
                                     12       10       29      111      383      943       93       53       16 |      1650
                                      3       11       19       70      134      549      205       36       16 |      1043
                                      2        4       12       40       37       84      112      225       10 |       526
                                     35       36       96      377      705     1925      562      702      560 |      4998

                    SUM             227      326      609     1429     1832     3864     1063     1069      619 |     11038
                                                       OBSERVATION
                                     76       56       38       27        7        4        2        4        6 |       220
                                     41       66       80       42       15        8        3        2        2 |       259
                                     36       71      153      128       27       21        6       14        2 |       458
                                     13       53      146      402      181       87       24       18        2 |       926
                  RFRMIN1_Wopt        5       24       37      242      382      307       68       26       13 |      1104
                                      8        9       35      113      339      986       93       45       15 |      1643
                                      6       12       17       68      116      407      191       37       11 |       865
                                      5        5       13       40       38       76      112      220        8 |       517
                                     37       30       90      367      727     1968      564      703      560 |      5046

                    SUM             227      326      609     1429     1832     3864     1063     1069      619 |     11038

